0:
0 0 0 0 0 0 0 0 
0 1 0 0 0 0 0 0 
0 0 1 0 0 0 0 0 
0 0 0 0 0 0 0 0 
1:
0 0 0 1 0 0 0 0 
0 0 0 0 0 0 0 0 
0 0 1 0 0 0 0 0 
0 0 0 1 0 0 0 0 
2:
1 0 0 1 1 0 0 0 
1 0 0 0 1 0 0 0 
0 0 0 0 0 0 0 0 
0 0 0 1 0 0 0 0 
3:
1 0 0 0 1 0 0 0 
0 1 0 0 1 1 0 0 
1 1 0 0 0 1 0 0 
0 0 0 0 0 0 0 0 
4:
1 1 1 0 0 0 1 0 
1 1 0 0 0 1 0 0 
0 0 1 0 0 1 1 0 
1 1 1 0 0 0 1 0 
5:
1 1 1 0 0 0 1 0 
0 1 1 1 0 0 0 1 
1 1 1 0 0 0 1 0 
1 0 0 1 0 0 1 1 
6:
0 0 1 1 1 0 0 0 
0 1 1 1 0 0 0 1 
0 0 1 1 1 0 0 0 
0 1 1 1 0 0 0 1 
7:
0 0 1 0 0 1 0 0 
0 0 0 1 1 1 0 0 
0 0 1 1 1 0 0 0 
0 0 0 1 1 1 0 0 
8:
1 0 0 1 0 0 1 0 
1 0 0 1 0 0 1 0 
1 0 0 0 1 1 1 0 
0 0 0 1 1 1 0 0 
9:
1 1 0 0 1 0 0 1 
1 1 0 0 1 0 0 1 
1 1 0 0 1 0 0 1 
0 1 0 0 0 1 1 1 
10:
0 1 0 0 0 1 1 1 
0 1 1 0 0 1 0 0 
0 1 1 0 0 1 0 0 
0 1 1 0 0 1 0 0 
11:
0 0 0 0 0 0 0 0 
0 0 1 0 0 0 1 1 
1 0 1 1 0 0 1 0 
1 0 1 1 0 0 1 0 
12:
0 0 0 0 0 0 0 0 
0 0 0 0 0 0 0 0 
1 0 0 1 0 0 0 1 
1 1 0 1 1 0 0 1 
13:
1 0 1 0 0 1 0 0 
0 0 0 0 0 0 0 0 
0 0 0 0 0 0 0 0 
0 1 0 0 1 0 0 0 
14:
1 0 1 0 0 1 0 0 
1 1 0 1 0 0 1 0 
0 0 0 0 0 0 0 0 
0 0 0 0 0 0 0 0 
15:
0 0 0 0 0 0 0 0 
1 1 0 1 0 0 1 0 
1 1 1 0 1 0 0 1 
0 0 0 0 0 0 0 0 
16:
0 1 1 1 0 1 0 0 
0 0 0 0 0 0 0 0 
1 1 1 0 1 0 0 1 
0 1 1 1 0 1 0 0 
17:
0 1 0 0 1 1 1 0 
0 0 1 1 1 0 1 0 
0 0 0 0 0 0 0 0 
0 1 1 1 0 1 0 0 
18:
0 0 1 1 1 0 1 0 
0 0 1 0 0 1 1 1 
0 0 0 1 1 1 0 1 
0 0 0 0 0 0 0 0 
19:
0 0 0 0 1 1 1 0 
0 0 0 1 1 1 0 1 
0 0 0 1 0 0 1 1 
0 0 0 0 1 1 1 0 
20:
0 0 0 0 1 1 1 0 
0 0 0 0 0 1 1 1 
0 0 0 0 1 1 1 0 
0 0 0 0 1 0 0 1 
21:
0 0 0 0 0 0 1 1 
0 0 0 0 0 1 1 1 
0 0 0 0 0 0 1 1 
0 0 0 0 0 1 1 1 
22:
1 0 0 0 0 0 1 0 
1 0 0 0 0 0 0 1 
0 0 0 0 0 0 1 1 
1 0 0 0 0 0 0 1 
23:
0 1 0 0 0 0 0 1 
0 1 0 0 0 0 0 1 
1 1 0 0 0 0 0 0 
1 0 0 0 0 0 0 1 
24:
1 0 1 0 0 0 0 0 
1 0 1 0 0 0 0 0 
1 0 1 0 0 0 0 0 
0 1 1 0 0 0 0 0 
25:
0 1 1 0 0 0 0 0 
0 1 0 1 0 0 0 0 
0 1 0 1 0 0 0 0 
0 1 0 1 0 0 0 0 
26:
0 0 0 0 0 0 0 0 
0 0 1 1 0 0 0 0 
1 0 1 0 1 0 0 0 
1 0 1 0 1 0 0 0 
27:
0 0 0 0 0 0 0 0 
0 0 0 0 0 0 0 0 
1 0 0 1 1 0 0 0 
1 1 0 1 0 1 0 0 
28:
0 0 1 0 0 1 1 0 
0 0 0 0 0 0 0 0 
0 0 0 0 0 0 0 0 
0 1 0 0 1 1 0 0 
29:
0 0 1 0 0 1 1 0 
1 0 0 1 0 0 1 1 
0 0 0 0 0 0 0 0 
0 0 0 0 0 0 0 0 
30:
0 0 0 0 0 0 0 0 
1 0 0 1 0 0 1 1 
0 1 0 0 1 0 0 1 
0 0 0 0 0 0 0 0 
31:
0 0 1 0 0 1 0 0 
0 0 0 0 0 0 0 0 
0 1 0 0 1 0 0 1 
0 0 1 0 0 1 0 0 
32:
1 0 1 1 0 1 1 0 
1 0 0 1 0 0 1 0 
0 0 0 0 0 0 0 0 
0 0 1 0 0 1 0 0 
33:
1 0 0 1 0 0 1 0 
0 1 0 1 1 0 1 1 
1 1 0 0 1 0 0 1 
0 0 0 0 0 0 0 0 
34:
0 1 1 0 0 1 0 0 
1 1 0 0 1 0 0 1 
1 0 1 0 1 1 0 1 
0 1 1 0 0 1 0 0 
35:
0 1 1 0 0 1 0 0 
1 0 1 1 0 0 1 0 
0 1 1 0 0 1 0 0 
1 1 0 1 0 1 1 0 
36:
1 1 0 1 1 0 0 1 
1 0 1 1 0 0 1 0 
1 1 0 1 1 0 0 1 
1 0 1 1 0 0 1 0 
37:
0 0 1 1 0 1 0 1 
1 1 1 0 1 1 0 0 
1 1 0 1 1 0 0 1 
1 1 1 0 1 1 0 0 
38:
1 0 0 1 1 0 1 0 
1 0 0 1 1 0 1 0 
0 1 1 1 0 1 1 0 
1 1 1 0 1 1 0 0 
39:
0 1 0 0 1 1 0 1 
0 1 0 0 1 1 0 1 
0 1 0 0 1 1 0 1 
0 0 1 1 1 0 1 1 
40:
0 0 1 1 1 0 1 1 
1 0 1 0 0 1 1 0 
1 0 1 0 0 1 1 0 
1 0 1 0 0 1 1 0 
41:
0 0 0 0 0 0 0 0 
1 0 0 1 1 1 0 1 
1 1 0 1 0 0 1 1 
1 1 0 1 0 0 1 1 
42:
0 0 0 0 0 0 0 0 
0 0 0 0 0 0 0 0 
0 1 0 0 1 1 1 0 
0 1 1 0 1 0 0 1 
43:
0 0 0 1 0 0 1 1 
0 0 0 0 0 0 0 0 
0 0 0 0 0 0 0 0 
0 0 1 0 0 1 1 1 
44:
0 0 0 1 0 0 1 1 
0 0 0 0 1 0 0 1 
0 0 0 0 0 0 0 0 
0 0 0 0 0 0 0 0 
45:
0 0 0 0 0 0 0 0 
0 0 0 0 1 0 0 1 
0 0 0 0 0 1 0 0 
0 0 0 0 0 0 0 0 
46:
1 0 0 0 0 0 1 0 
0 0 0 0 0 0 0 0 
0 0 0 0 0 1 0 0 
1 0 0 0 0 0 1 0 
47:
1 1 0 0 0 0 1 1 
0 1 0 0 0 0 0 1 
0 0 0 0 0 0 0 0 
1 0 0 0 0 0 1 0 
48:
0 1 0 0 0 0 0 1 
1 1 1 0 0 0 0 1 
1 0 1 0 0 0 0 0 
0 0 0 0 0 0 0 0 
49:
0 1 0 1 0 0 0 0 
1 0 1 0 0 0 0 0 
1 1 1 1 0 0 0 0 
0 1 0 1 0 0 0 0 
50:
0 1 0 1 0 0 0 0 
1 0 1 0 1 0 0 0 
0 1 0 1 0 0 0 0 
1 1 1 1 1 0 0 0 
51:
1 1 0 1 0 1 0 0 
1 0 1 0 1 0 0 0 
1 1 0 1 0 1 0 0 
1 0 1 0 1 0 0 0 
52:
1 0 1 1 1 1 1 0 
0 1 1 0 1 0 1 0 
1 1 0 1 0 1 0 0 
0 1 1 0 1 0 1 0 
53:
1 1 0 1 1 1 1 1 
1 1 0 1 1 1 1 1 
1 0 1 1 0 1 0 1 
0 1 1 0 1 0 1 0 
54:
0 1 1 0 1 1 1 1 
0 1 1 0 1 1 1 1 
0 1 1 0 1 1 1 1 
1 1 0 1 1 0 1 0 
55:
1 1 0 1 1 0 1 0 
1 0 1 1 0 1 1 1 
1 0 1 1 0 1 1 1 
1 0 1 1 0 1 1 1 
56:
0 0 0 0 0 0 0 0 
0 1 1 0 1 1 0 1 
1 1 0 1 1 0 1 1 
1 1 0 1 1 0 1 1 
57:
0 0 0 0 0 0 0 0 
0 0 0 0 0 0 0 0 
1 0 1 1 0 1 1 0 
1 1 1 0 1 1 0 1 
58:
1 0 1 0 1 1 0 1 
0 0 0 0 0 0 0 0 
0 0 0 0 0 0 0 0 
0 1 0 1 1 0 1 1 
59:
1 0 1 0 1 1 0 1 
1 1 0 1 0 1 1 0 
0 0 0 0 0 0 0 0 
0 0 0 0 0 0 0 0 
60:
0 0 0 0 0 0 0 0 
1 1 0 1 0 1 1 0 
0 1 1 0 1 0 1 1 
0 0 0 0 0 0 0 0 
61:
0 0 1 1 0 1 0 1 
0 0 0 0 0 0 0 0 
0 1 1 0 1 0 1 1 
0 0 1 1 0 1 0 1 
62:
1 0 1 0 1 1 1 1 
1 0 0 1 1 0 1 0 
0 0 0 0 0 0 0 0 
0 0 1 1 0 1 0 1 
63:
1 0 0 1 1 0 1 0 
1 1 0 1 0 1 1 1 
0 1 0 0 1 1 0 1 
0 0 0 0 0 0 0 0 
64:
1 0 1 0 0 1 1 0 
0 1 0 0 1 1 0 1 
1 1 1 0 1 0 1 1 
1 0 1 0 0 1 1 0 
65:
1 0 1 0 0 1 1 0 
1 1 0 1 0 0 1 1 
1 0 1 0 0 1 1 0 
0 1 1 1 0 1 0 1 
66:
0 1 1 0 1 0 0 1 
1 1 0 1 0 0 1 1 
0 1 1 0 1 0 0 1 
1 1 0 1 0 0 1 1 
67:
0 1 0 1 1 1 0 1 
0 0 1 1 0 1 0 0 
0 1 1 0 1 0 0 1 
0 0 1 1 0 1 0 0 
68:
0 0 1 0 1 1 1 0 
0 0 1 0 1 1 1 0 
0 0 0 1 1 0 1 0 
0 0 1 1 0 1 0 0 
69:
0 0 0 1 0 1 1 1 
0 0 0 1 0 1 1 1 
0 0 0 1 0 1 1 1 
0 0 0 0 1 1 0 1 
70:
0 0 0 0 1 1 0 1 
1 0 0 0 1 0 1 1 
1 0 0 0 1 0 1 1 
1 0 0 0 1 0 1 1 
71:
0 0 0 0 0 0 0 0 
1 0 0 0 0 1 1 0 
0 1 0 0 0 1 0 1 
0 1 0 0 0 1 0 1 
72:
0 0 0 0 0 0 0 0 
0 0 0 0 0 0 0 0 
1 1 0 0 0 0 1 1 
0 0 1 0 0 0 1 0 
73:
1 1 1 1 0 0 0 0 
0 0 0 0 0 0 0 0 
0 0 0 0 0 0 0 0 
1 1 1 0 0 0 0 1 
74:
1 1 1 1 0 0 0 0 
1 1 1 1 1 0 0 0 
0 0 0 0 0 0 0 0 
0 0 0 0 0 0 0 0 
75:
0 0 0 0 0 0 0 0 
1 1 1 1 1 0 0 0 
0 1 1 1 1 1 0 0 
0 0 0 0 0 0 0 0 
76:
1 0 1 1 1 1 1 0 
0 0 0 0 0 0 0 0 
0 1 1 1 1 1 0 0 
1 0 1 1 1 1 1 0 
77:
0 1 1 0 0 0 0 1 
1 1 0 1 1 1 1 1 
0 0 0 0 0 0 0 0 
1 0 1 1 1 1 1 0 
78:
1 1 0 1 1 1 1 1 
1 0 1 1 0 0 0 0 
0 1 1 0 1 1 1 1 
0 0 0 0 0 0 0 0 
79:
1 0 1 1 0 1 1 1 
0 1 1 0 1 1 1 1 
1 1 0 1 1 0 0 0 
1 0 1 1 0 1 1 1 
80:
1 0 1 1 0 1 1 1 
1 1 0 1 1 0 1 1 
1 0 1 1 0 1 1 1 
0 1 1 0 1 1 0 0 
81:
1 1 1 0 1 1 0 1 
1 1 0 1 1 0 1 1 
1 1 1 0 1 1 0 1 
1 1 0 1 1 0 1 1 
82:
0 0 0 1 1 0 1 1 
1 1 1 1 0 1 1 0 
1 1 1 0 1 1 0 1 
1 1 1 1 0 1 1 0 
83:
1 0 0 0 1 1 0 1 
1 0 0 0 1 1 0 1 
0 1 1 1 1 0 1 1 
1 1 1 1 0 1 1 0 
84:
1 1 0 0 0 1 1 0 
1 1 0 0 0 1 1 0 
1 1 0 0 0 1 1 0 
1 0 1 1 1 1 0 1 
85:
1 0 1 1 1 1 0 1 
1 1 1 0 0 0 1 1 
1 1 1 0 0 0 1 1 
1 1 1 0 0 0 1 1 
86:
0 0 0 0 0 0 0 0 
0 1 0 1 1 1 1 0 
1 1 1 1 0 0 0 1 
1 1 1 1 0 0 0 1 
87:
0 0 0 0 0 0 0 0 
0 0 0 0 0 0 0 0 
1 0 1 0 1 1 1 1 
0 1 1 1 1 0 0 0 
88:
1 1 1 0 1 0 1 1 
0 0 0 0 0 0 0 0 
0 0 0 0 0 0 0 0 
1 1 0 1 0 1 1 1 
89:
1 1 1 0 1 0 1 1 
0 1 1 1 0 1 0 1 
0 0 0 0 0 0 0 0 
0 0 0 0 0 0 0 0 
90:
0 0 0 0 0 0 0 0 
0 1 1 1 0 1 0 1 
1 0 1 1 1 0 1 0 
0 0 0 0 0 0 0 0 
91:
0 1 0 1 1 1 0 1 
0 0 0 0 0 0 0 0 
1 0 1 1 1 0 1 0 
0 1 0 1 1 1 0 1 
92:
0 1 1 1 0 0 1 1 
0 0 1 0 1 1 1 0 
0 0 0 0 0 0 0 0 
0 1 0 1 1 1 0 1 
93:
0 0 1 0 1 1 1 0 
0 0 1 1 1 0 0 1 
0 0 0 1 0 1 1 1 
0 0 0 0 0 0 0 0 
94:
1 0 0 0 1 0 1 1 
0 0 0 1 0 1 1 1 
1 0 0 1 1 1 0 0 
1 0 0 0 1 0 1 1 
95:
1 0 0 0 1 0 1 1 
0 1 0 0 0 1 0 1 
1 0 0 0 1 0 1 1 
1 1 0 0 1 1 1 0 
96:
0 0 1 0 0 0 1 0 
0 1 0 0 0 1 0 1 
0 0 1 0 0 0 1 0 
0 1 0 0 0 1 0 1 
97:
0 0 1 1 0 0 1 1 
0 0 0 1 0 0 0 1 
0 0 1 0 0 0 1 0 
0 0 0 1 0 0 0 1 
98:
0 0 0 1 1 0 0 1 
0 0 0 1 1 0 0 1 
0 0 0 0 1 0 0 0 
0 0 0 1 0 0 0 1 
99:
1 0 0 0 1 1 0 0 
1 0 0 0 1 1 0 0 
1 0 0 0 1 1 0 0 
1 0 0 0 0 1 0 0 
100:
1 0 0 0 0 1 0 0 
0 1 0 0 0 1 1 0 
0 1 0 0 0 1 1 0 
0 1 0 0 0 1 1 0 
101:
0 0 0 0 0 0 0 0 
1 1 0 0 0 0 1 0 
1 0 1 0 0 0 1 1 
1 0 1 0 0 0 1 1 
102:
0 0 0 0 0 0 0 0 
0 0 0 0 0 0 0 0 
0 1 1 0 0 0 0 1 
1 1 0 1 0 0 0 1 
103:
1 1 0 1 1 0 0 0 
0 0 0 0 0 0 0 0 
0 0 0 0 0 0 0 0 
1 0 1 1 0 0 0 0 
104:
1 1 0 1 1 0 0 0 
0 1 1 0 1 1 0 0 
0 0 0 0 0 0 0 0 
0 0 0 0 0 0 0 0 
105:
0 0 0 0 0 0 0 0 
0 1 1 0 1 1 0 0 
0 0 1 1 0 1 1 0 
0 0 0 0 0 0 0 0 
106:
0 0 0 1 1 0 1 1 
0 0 0 0 0 0 0 0 
0 0 1 1 0 1 1 0 
0 0 0 1 1 0 1 1 
107:
1 0 0 1 0 1 1 0 
1 0 0 0 1 1 0 1 
0 0 0 0 0 0 0 0 
0 0 0 1 1 0 1 1 
108:
1 0 0 0 1 1 0 1 
0 1 0 0 1 0 1 1 
1 1 0 0 0 1 1 0 
0 0 0 0 0 0 0 0 
109:
1 1 1 0 0 0 1 1 
1 1 0 0 0 1 1 0 
0 0 1 0 0 1 0 1 
1 1 1 0 0 0 1 1 
110:
1 1 1 0 0 0 1 1 
1 1 1 1 0 0 0 1 
1 1 1 0 0 0 1 1 
0 0 0 1 0 0 1 0 
111:
0 1 1 1 1 0 0 0 
1 1 1 1 0 0 0 1 
0 1 1 1 1 0 0 0 
1 1 1 1 0 0 0 1 
112:
0 1 0 0 0 1 0 0 
0 0 1 1 1 1 0 0 
0 1 1 1 1 0 0 0 
0 0 1 1 1 1 0 0 
113:
1 0 1 0 0 0 1 0 
1 0 1 0 0 0 1 0 
1 0 0 1 1 1 1 0 
0 0 1 1 1 1 0 0 
114:
0 1 0 1 0 0 0 1 
0 1 0 1 0 0 0 1 
0 1 0 1 0 0 0 1 
1 1 0 0 1 1 1 1 
115:
1 1 0 0 1 1 1 1 
0 0 1 0 1 0 0 0 
0 0 1 0 1 0 0 0 
0 0 1 0 1 0 0 0 
116:
0 0 0 0 0 0 0 0 
1 1 1 0 0 1 1 1 
1 0 0 1 0 1 0 0 
1 0 0 1 0 1 0 0 
117:
0 0 0 0 0 0 0 0 
0 0 0 0 0 0 0 0 
0 1 1 1 0 0 1 1 
0 1 0 0 1 0 1 0 
118:
1 0 0 1 1 1 0 0 
0 0 0 0 0 0 0 0 
0 0 0 0 0 0 0 0 
0 0 1 1 1 0 0 1 
119:
1 0 0 1 1 1 0 0 
1 1 0 0 1 1 1 0 
0 0 0 0 0 0 0 0 
0 0 0 0 0 0 0 0 
120:
0 0 0 0 0 0 0 0 
1 1 0 0 1 1 1 0 
0 1 1 0 0 1 1 1 
0 0 0 0 0 0 0 0 
121:
0 0 1 1 0 0 1 1 
0 0 0 0 0 0 0 0 
0 1 1 0 0 1 1 1 
0 0 1 1 0 0 1 1 
122:
0 0 1 0 1 0 1 0 
0 0 0 1 1 0 0 1 
0 0 0 0 0 0 0 0 
0 0 1 1 0 0 1 1 
123:
0 0 0 1 1 0 0 1 
1 0 0 1 0 1 0 1 
1 0 0 0 1 1 0 0 
0 0 0 0 0 0 0 0 
124:
0 1 0 0 0 1 1 0 
1 0 0 0 1 1 0 0 
1 1 0 0 1 0 1 0 
0 1 0 0 0 1 1 0 
125:
0 1 0 0 0 1 1 0 
1 0 1 0 0 0 1 1 
0 1 0 0 0 1 1 0 
1 1 1 0 0 1 0 1 
126:
1 1 0 1 0 0 0 1 
1 0 1 0 0 0 1 1 
1 1 0 1 0 0 0 1 
1 0 1 0 0 0 1 1 
127:
1 0 1 1 1 0 0 1 
0 1 1 0 1 0 0 0 
1 1 0 1 0 0 0 1 
0 1 1 0 1 0 0 0 
128:
1 1 0 1 1 1 0 0 
1 1 0 1 1 1 0 0 
1 0 1 1 0 1 0 0 
0 1 1 0 1 0 0 0 
129:
1 1 1 0 1 1 1 0 
1 1 1 0 1 1 1 0 
1 1 1 0 1 1 1 0 
0 1 0 1 1 0 1 0 
130:
0 1 0 1 1 0 1 0 
0 1 1 1 0 1 1 1 
0 1 1 1 0 1 1 1 
0 1 1 1 0 1 1 1 
131:
0 0 0 0 0 0 0 0 
0 0 1 0 1 1 0 1 
1 0 1 1 1 0 1 1 
1 0 1 1 1 0 1 1 
132:
0 0 0 0 0 0 0 0 
0 0 0 0 0 0 0 0 
1 0 0 1 0 1 1 0 
1 1 0 1 1 1 0 1 
133:
0 0 1 0 0 1 0 1 
0 0 0 0 0 0 0 0 
0 0 0 0 0 0 0 0 
0 1 0 0 1 0 1 1 
134:
0 0 1 0 0 1 0 1 
0 0 0 1 0 0 1 0 
0 0 0 0 0 0 0 0 
0 0 0 0 0 0 0 0 
135:
0 0 0 0 0 0 0 0 
0 0 0 1 0 0 1 0 
1 0 0 0 1 0 0 1 
0 0 0 0 0 0 0 0 
136:
0 1 0 0 0 1 0 0 
0 0 0 0 0 0 0 0 
1 0 0 0 1 0 0 1 
0 1 0 0 0 1 0 0 
137:
1 1 1 0 0 1 1 0 
1 0 1 0 0 0 1 0 
0 0 0 0 0 0 0 0 
0 1 0 0 0 1 0 0 
138:
1 0 1 0 0 0 1 0 
1 1 1 1 0 0 1 1 
0 1 0 1 0 0 0 1 
0 0 0 0 0 0 0 0 
139:
0 0 1 0 1 0 0 0 
0 1 0 1 0 0 0 1 
0 1 1 1 1 0 0 1 
0 0 1 0 1 0 0 0 
140:
0 0 1 0 1 0 0 0 
1 0 0 1 0 1 0 0 
0 0 1 0 1 0 0 0 
1 0 1 1 1 1 0 0 
141:
0 1 0 0 1 0 1 0 
1 0 0 1 0 1 0 0 
0 1 0 0 1 0 1 0 
1 0 0 1 0 1 0 0 
142:
1 1 1 0 1 1 1 1 
1 0 1 0 0 1 0 1 
0 1 0 0 1 0 1 0 
1 0 1 0 0 1 0 1 
143:
1 1 1 1 0 1 1 1 
1 1 1 1 0 1 1 1 
0 1 0 1 0 0 1 0 
1 0 1 0 0 1 0 1 
144:
1 1 1 1 1 0 1 1 
1 1 1 1 1 0 1 1 
1 1 1 1 1 0 1 1 
1 0 1 0 1 0 0 1 
145:
1 0 1 0 1 0 0 1 
1 1 1 1 1 1 0 1 
1 1 1 1 1 1 0 1 
1 1 1 1 1 1 0 1 
146:
0 0 0 0 0 0 0 0 
0 1 0 1 0 1 0 0 
0 1 1 1 1 1 1 0 
0 1 1 1 1 1 1 0 
147:
0 0 0 0 0 0 0 0 
0 0 0 0 0 0 0 0 
0 0 1 0 1 0 1 0 
1 0 1 1 1 1 1 1 
148:
1 1 0 0 1 0 1 0 
0 0 0 0 0 0 0 0 
0 0 0 0 0 0 0 0 
1 0 0 1 0 1 0 1 
149:
1 1 0 0 1 0 1 0 
1 1 1 0 0 1 0 1 
0 0 0 0 0 0 0 0 
0 0 0 0 0 0 0 0 
150:
0 0 0 0 0 0 0 0 
1 1 1 0 0 1 0 1 
0 1 1 1 0 0 1 0 
0 0 0 0 0 0 0 0 
151:
1 0 1 1 1 0 0 1 
0 0 0 0 0 0 0 0 
0 1 1 1 0 0 1 0 
1 0 1 1 1 0 0 1 
152:
0 1 1 0 0 1 0 1 
1 1 0 1 1 1 0 0 
0 0 0 0 0 0 0 0 
1 0 1 1 1 0 0 1 
153:
1 1 0 1 1 1 0 0 
0 0 1 1 0 0 1 0 
1 1 1 0 1 1 1 0 
0 0 0 0 0 0 0 0 
154:
0 1 1 1 0 1 1 1 
1 1 1 0 1 1 1 0 
1 0 0 1 1 0 0 1 
0 1 1 1 0 1 1 1 
155:
0 1 1 1 0 1 1 1 
1 0 1 1 1 0 1 1 
0 1 1 1 0 1 1 1 
1 1 0 0 1 1 0 0 
156:
1 1 0 1 1 1 0 1 
1 0 1 1 1 0 1 1 
1 1 0 1 1 1 0 1 
1 0 1 1 1 0 1 1 
157:
1 0 1 1 0 0 1 1 
0 1 1 0 1 1 1 0 
1 1 0 1 1 1 0 1 
0 1 1 0 1 1 1 0 
158:
0 1 0 1 1 0 0 1 
0 1 0 1 1 0 0 1 
0 0 1 1 0 1 1 1 
0 1 1 0 1 1 1 0 
159:
1 0 1 0 1 1 0 0 
1 0 1 0 1 1 0 0 
1 0 1 0 1 1 0 0 
1 0 0 1 1 0 1 1 
160:
1 0 0 1 1 0 1 1 
0 1 0 1 0 1 1 0 
0 1 0 1 0 1 1 0 
0 1 0 1 0 1 1 0 
161:
0 0 0 0 0 0 0 0 
1 1 0 0 1 1 0 1 
0 0 1 0 1 0 1 1 
0 0 1 0 1 0 1 1 
162:
0 0 0 0 0 0 0 0 
0 0 0 0 0 0 0 0 
1 1 1 0 0 1 1 0 
0 0 0 1 0 1 0 1 
163:
0 1 1 1 1 0 0 1 
0 0 0 0 0 0 0 0 
0 0 0 0 0 0 0 0 
1 1 1 1 0 0 1 1 
164:
0 1 1 1 1 0 0 1 
1 0 1 1 1 1 0 0 
0 0 0 0 0 0 0 0 
0 0 0 0 0 0 0 0 
165:
0 0 0 0 0 0 0 0 
1 0 1 1 1 1 0 0 
1 1 0 1 1 1 1 0 
0 0 0 0 0 0 0 0 
166:
1 1 1 0 1 1 1 1 
0 0 0 0 0 0 0 0 
1 1 0 1 1 1 1 0 
1 1 1 0 1 1 1 1 
167:
0 0 0 1 1 0 0 0 
1 1 1 1 0 1 1 1 
0 0 0 0 0 0 0 0 
1 1 1 0 1 1 1 1 
168:
1 1 1 1 0 1 1 1 
0 0 0 0 1 1 0 0 
1 1 1 1 1 0 1 1 
0 0 0 0 0 0 0 0 
169:
1 1 1 1 1 1 0 1 
1 1 1 1 1 0 1 1 
0 0 0 0 0 1 1 0 
1 1 1 1 1 1 0 1 
170:
1 1 1 1 1 1 0 1 
0 1 1 1 1 1 1 0 
1 1 1 1 1 1 0 1 
1 0 0 0 0 0 1 1 
171:
1 0 1 1 1 1 1 1 
0 1 1 1 1 1 1 0 
1 0 1 1 1 1 1 1 
0 1 1 1 1 1 1 0 
172:
1 1 1 0 0 0 0 0 
0 1 0 1 1 1 1 1 
1 0 1 1 1 1 1 1 
0 1 0 1 1 1 1 1 
173:
0 1 1 1 0 0 0 0 
0 1 1 1 0 0 0 0 
0 0 1 0 1 1 1 1 
0 1 0 1 1 1 1 1 
174:
1 0 1 1 1 0 0 0 
1 0 1 1 1 0 0 0 
1 0 1 1 1 0 0 0 
1 0 0 1 0 1 1 1 
175:
1 0 0 1 0 1 1 1 
0 1 0 1 1 1 0 0 
0 1 0 1 1 1 0 0 
0 1 0 1 1 1 0 0 
176:
0 0 0 0 0 0 0 0 
1 1 0 0 1 0 1 1 
1 0 1 0 1 1 1 0 
1 0 1 0 1 1 1 0 
177:
0 0 0 0 0 0 0 0 
0 0 0 0 0 0 0 0 
0 1 1 0 0 1 0 1 
0 1 0 1 0 1 1 1 
178:
1 0 0 1 1 0 0 1 
0 0 0 0 0 0 0 0 
0 0 0 0 0 0 0 0 
0 0 1 1 0 0 1 0 
179:
1 0 0 1 1 0 0 1 
1 1 0 0 1 1 0 0 
0 0 0 0 0 0 0 0 
0 0 0 0 0 0 0 0 
180:
0 0 0 0 0 0 0 0 
1 1 0 0 1 1 0 0 
0 1 1 0 0 1 1 0 
0 0 0 0 0 0 0 0 
181:
1 0 1 1 0 0 1 1 
0 0 0 0 0 0 0 0 
0 1 1 0 0 1 1 0 
1 0 1 1 0 0 1 1 
182:
1 1 1 0 1 0 1 0 
0 1 0 1 1 0 0 1 
0 0 0 0 0 0 0 0 
1 0 1 1 0 0 1 1 
183:
0 1 0 1 1 0 0 1 
1 1 1 1 0 1 0 1 
1 0 1 0 1 1 0 0 
0 0 0 0 0 0 0 0 
184:
0 1 0 1 0 1 1 0 
1 0 1 0 1 1 0 0 
1 1 1 1 1 0 1 0 
0 1 0 1 0 1 1 0 
185:
0 1 0 1 0 1 1 0 
0 0 1 0 1 0 1 1 
0 1 0 1 0 1 1 0 
0 1 1 1 1 1 0 1 
186:
0 0 0 1 0 1 0 1 
0 0 1 0 1 0 1 1 
0 0 0 1 0 1 0 1 
0 0 1 0 1 0 1 1 
187:
1 0 0 1 1 1 1 1 
1 0 0 0 1 0 1 0 
0 0 0 1 0 1 0 1 
1 0 0 0 1 0 1 0 
188:
0 1 0 0 1 1 1 1 
0 1 0 0 1 1 1 1 
1 1 0 0 0 1 0 1 
1 0 0 0 1 0 1 0 
189:
1 0 1 0 0 1 1 1 
1 0 1 0 0 1 1 1 
1 0 1 0 0 1 1 1 
0 1 1 0 0 0 1 0 
190:
0 1 1 0 0 0 1 0 
0 1 0 1 0 0 1 1 
0 1 0 1 0 0 1 1 
0 1 0 1 0 0 1 1 
191:
0 0 0 0 0 0 0 0 
0 0 1 1 0 0 0 1 
0 0 1 0 1 0 0 1 
0 0 1 0 1 0 0 1 
192:
0 0 0 0 0 0 0 0 
0 0 0 0 0 0 0 0 
0 0 0 1 1 0 0 0 
0 0 0 1 0 1 0 0 
193:
0 0 0 0 0 1 1 0 
0 0 0 0 0 0 0 0 
0 0 0 0 0 0 0 0 
0 0 0 0 1 1 0 0 
194:
0 0 0 0 0 1 1 0 
1 0 0 0 0 0 1 1 
0 0 0 0 0 0 0 0 
0 0 0 0 0 0 0 0 
195:
0 0 0 0 0 0 0 0 
1 0 0 0 0 0 1 1 
1 1 0 0 0 0 0 1 
0 0 0 0 0 0 0 0 
196:
1 1 1 0 0 0 0 0 
0 0 0 0 0 0 0 0 
1 1 0 0 0 0 0 1 
1 1 1 0 0 0 0 0 
197:
1 0 0 1 0 0 0 0 
0 1 1 1 0 0 0 0 
0 0 0 0 0 0 0 0 
1 1 1 0 0 0 0 0 
198:
0 1 1 1 0 0 0 0 
1 1 0 0 1 0 0 0 
1 0 1 1 1 0 0 0 
0 0 0 0 0 0 0 0 
199:
0 1 0 1 1 1 0 0 
1 0 1 1 1 0 0 0 
1 1 1 0 0 1 0 0 
0 1 0 1 1 1 0 0 
200:
0 1 0 1 1 1 0 0 
1 0 1 0 1 1 1 0 
0 1 0 1 1 1 0 0 
1 1 1 1 0 0 1 0 
201:
0 1 0 1 0 1 1 1 
1 0 1 0 1 1 1 0 
0 1 0 1 0 1 1 1 
1 0 1 0 1 1 1 0 
202:
1 1 1 1 1 1 0 0 
1 0 1 0 1 0 1 1 
0 1 0 1 0 1 1 1 
1 0 1 0 1 0 1 1 
203:
1 1 1 1 1 1 1 0 
1 1 1 1 1 1 1 0 
0 1 0 1 0 1 0 1 
1 0 1 0 1 0 1 1 
204:
1 1 1 1 1 1 1 1 
1 1 1 1 1 1 1 1 
1 1 1 1 1 1 1 1 
1 0 1 0 1 0 1 0 
205:
1 0 1 0 1 0 1 0 
0 1 1 1 1 1 1 1 
0 1 1 1 1 1 1 1 
0 1 1 1 1 1 1 1 
206:
0 0 0 0 0 0 0 0 
1 1 0 1 0 1 0 1 
0 0 1 1 1 1 1 1 
0 0 1 1 1 1 1 1 
207:
0 0 0 0 0 0 0 0 
0 0 0 0 0 0 0 0 
1 1 1 0 1 0 1 0 
0 0 0 1 1 1 1 1 
208:
1 1 1 1 1 0 1 0 
0 0 0 0 0 0 0 0 
0 0 0 0 0 0 0 0 
1 1 1 1 0 1 0 1 
209:
1 1 1 1 1 0 1 0 
0 1 1 1 1 1 0 1 
0 0 0 0 0 0 0 0 
0 0 0 0 0 0 0 0 
210:
0 0 0 0 0 0 0 0 
0 1 1 1 1 1 0 1 
0 0 1 1 1 1 1 0 
0 0 0 0 0 0 0 0 
211:
1 0 0 1 1 1 1 1 
0 0 0 0 0 0 0 0 
0 0 1 1 1 1 1 0 
1 0 0 1 1 1 1 1 
212:
1 1 0 1 0 0 0 0 
0 1 0 0 1 1 1 1 
0 0 0 0 0 0 0 0 
1 0 0 1 1 1 1 1 
213:
0 1 0 0 1 1 1 1 
1 1 1 0 1 0 0 0 
1 0 1 0 0 1 1 1 
0 0 0 0 0 0 0 0 
214:
0 1 0 1 0 0 1 1 
1 0 1 0 0 1 1 1 
1 1 1 1 0 1 0 0 
0 1 0 1 0 0 1 1 
215:
0 1 0 1 0 0 1 1 
0 0 1 0 1 0 0 1 
0 1 0 1 0 0 1 1 
0 1 1 1 1 0 1 0 
216:
0 0 0 1 0 1 0 0 
0 0 1 0 1 0 0 1 
0 0 0 1 0 1 0 0 
0 0 1 0 1 0 0 1 
217:
0 0 0 1 1 1 1 0 
0 0 0 0 1 0 1 0 
0 0 0 1 0 1 0 0 
0 0 0 0 1 0 1 0 
218:
1 0 0 0 1 1 1 1 
1 0 0 0 1 1 1 1 
1 0 0 0 0 1 0 1 
0 0 0 0 1 0 1 0 
219:
1 1 0 0 0 1 1 1 
1 1 0 0 0 1 1 1 
1 1 0 0 0 1 1 1 
0 1 0 0 0 0 1 0 
220:
0 1 0 0 0 0 1 0 
0 1 1 0 0 0 1 1 
0 1 1 0 0 0 1 1 
0 1 1 0 0 0 1 1 
221:
0 0 0 0 0 0 0 0 
0 0 1 0 0 0 0 1 
1 0 1 1 0 0 0 1 
1 0 1 1 0 0 0 1 
222:
0 0 0 0 0 0 0 0 
0 0 0 0 0 0 0 0 
1 0 0 1 0 0 0 0 
0 1 0 1 1 0 0 0 
223:
1 1 1 0 0 1 0 0 
0 0 0 0 0 0 0 0 
0 0 0 0 0 0 0 0 
1 1 0 0 1 0 0 0 
224:
1 1 1 0 0 1 0 0 
1 1 1 1 0 0 1 0 
0 0 0 0 0 0 0 0 
0 0 0 0 0 0 0 0 
225:
0 0 0 0 0 0 0 0 
1 1 1 1 0 0 1 0 
1 1 1 1 1 0 0 1 
0 0 0 0 0 0 0 0 
226:
1 1 1 1 1 1 0 0 
0 0 0 0 0 0 0 0 
1 1 1 1 1 0 0 1 
1 1 1 1 1 1 0 0 
227:
0 0 0 0 0 0 1 0 
1 1 1 1 1 1 1 0 
0 0 0 0 0 0 0 0 
1 1 1 1 1 1 0 0 
228:
1 1 1 1 1 1 1 0 
0 0 0 0 0 0 0 1 
1 1 1 1 1 1 1 1 
0 0 0 0 0 0 0 0 
229:
0 1 1 1 1 1 1 1 
1 1 1 1 1 1 1 1 
1 0 0 0 0 0 0 0 
0 1 1 1 1 1 1 1 
230:
0 1 1 1 1 1 1 1 
0 0 1 1 1 1 1 1 
0 1 1 1 1 1 1 1 
0 1 0 0 0 0 0 0 
231:
0 0 0 1 1 1 1 1 
0 0 1 1 1 1 1 1 
0 0 0 1 1 1 1 1 
0 0 1 1 1 1 1 1 
232:
0 0 0 1 0 0 0 0 
0 0 0 0 1 1 1 1 
0 0 0 1 1 1 1 1 
0 0 0 0 1 1 1 1 
233:
1 0 0 0 1 0 0 0 
1 0 0 0 1 0 0 0 
1 0 0 0 0 1 1 1 
0 0 0 0 1 1 1 1 
234:
1 1 0 0 0 1 0 0 
1 1 0 0 0 1 0 0 
1 1 0 0 0 1 0 0 
0 1 0 0 0 0 1 1 
235:
0 1 0 0 0 0 1 1 
1 1 1 0 0 0 1 0 
1 1 1 0 0 0 1 0 
1 1 1 0 0 0 1 0 
236:
0 0 0 0 0 0 0 0 
1 0 1 0 0 0 0 1 
0 1 1 1 0 0 0 1 
0 1 1 1 0 0 0 1 
237:
0 0 0 0 0 0 0 0 
0 0 0 0 0 0 0 0 
1 1 0 1 0 0 0 0 
0 0 1 1 1 0 0 0 
238:
1 1 1 1 0 1 0 0 
0 0 0 0 0 0 0 0 
0 0 0 0 0 0 0 0 
1 1 1 0 1 0 0 0 
239:
1 1 1 1 0 1 0 0 
0 1 1 1 1 0 1 0 
0 0 0 0 0 0 0 0 
0 0 0 0 0 0 0 0 
240:
0 0 0 0 0 0 0 0 
0 1 1 1 1 0 1 0 
0 0 1 1 1 1 0 1 
0 0 0 0 0 0 0 0 
241:
0 0 0 1 1 1 1 0 
0 0 0 0 0 0 0 0 
0 0 1 1 1 1 0 1 
0 0 0 1 1 1 1 0 
242:
1 0 0 1 0 0 0 1 
1 0 0 0 1 1 1 1 
0 0 0 0 0 0 0 0 
0 0 0 1 1 1 1 0 
243:
1 0 0 0 1 1 1 1 
0 1 0 0 1 0 0 0 
1 1 0 0 0 1 1 1 
0 0 0 0 0 0 0 0 
244:
0 1 1 0 0 0 1 1 
1 1 0 0 0 1 1 1 
1 0 1 0 0 1 0 0 
0 1 1 0 0 0 1 1 
245:
0 1 1 0 0 0 1 1 
1 0 1 1 0 0 0 1 
0 1 1 0 0 0 1 1 
1 1 0 1 0 0 1 0 
246:
0 1 0 1 1 0 0 0 
1 0 1 1 0 0 0 1 
0 1 0 1 1 0 0 0 
1 0 1 1 0 0 0 1 
247:
0 1 1 1 0 1 0 0 
0 0 1 0 1 1 0 0 
0 1 0 1 1 0 0 0 
0 0 1 0 1 1 0 0 
248:
0 0 1 1 1 0 1 0 
0 0 1 1 1 0 1 0 
0 0 0 1 0 1 1 0 
0 0 1 0 1 1 0 0 
249:
0 0 0 1 1 1 0 1 
0 0 0 1 1 1 0 1 
0 0 0 1 1 1 0 1 
0 0 0 0 1 0 1 1 
250:
0 0 0 0 1 0 1 1 
0 0 0 0 1 1 1 0 
0 0 0 0 1 1 1 0 
0 0 0 0 1 1 1 0 
251:
0 0 0 0 0 0 0 0 
0 0 0 0 0 1 0 1 
0 0 0 0 0 1 1 1 
0 0 0 0 0 1 1 1 
252:
0 0 0 0 0 0 0 0 
0 0 0 0 0 0 0 0 
0 0 0 0 0 0 1 0 
0 0 0 0 0 0 1 1 
253:
1 0 0 0 0 0 0 0 
0 0 0 0 0 0 0 0 
0 0 0 0 0 0 0 0 
0 0 0 0 0 0 0 1 
254:
1 0 0 0 0 0 0 0 
0 1 0 0 0 0 0 0 
0 0 0 0 0 0 0 0 
0 0 0 0 0 0 0 0 
0:
0 0 0 0 0 0 0 0 
0 1 0 0 0 0 0 0 
0 0 1 0 0 0 0 0 
0 0 0 0 0 0 0 0 
